0	-1	1
0.9952207825	0.0731495135	-0.0646888104	1.7128454645
-0.0701019649	0.9963749464	0.0481903926	1.4146349002
0.0679793744	-0.0434252669	0.9967417319	-0.3505739308
0.0000000000	0.0000000000	0.0000000000	1.0000000000
0	-1	2
0.9933514056	0.0794249540	-0.0833370546	1.7184221253
-0.0740101558	0.9950592735	0.0661710910	1.3960727444
0.0881810006	-0.0595632957	0.9943229193	-0.3355424384
0.0000000000	0.0000000000	0.0000000000	1.0000000000
0	-1	3
0.9892685939	0.0813254385	-0.1213801072	1.7184872614
-0.0726162448	0.9945705080	0.0745336552	1.3799766773
0.1267827152	-0.0649196460	0.9898039547	-0.3216500144
0.0000000000	0.0000000000	0.0000000000	1.0000000000
0	-1	4
0.9886840289	0.0648012184	-0.1352958668	1.7062303966
-0.0556761747	0.9959793808	0.0701761401	1.3696667065
0.1392994819	-0.0618492104	0.9883178849	-0.3072792096
0.0000000000	0.0000000000	0.0000000000	1.0000000000
0	-1	5
0.9828460286	0.0515600911	-0.1770752328	1.7062670538
-0.0408943454	0.9971516100	0.0633656304	1.3544367970
0.1798381354	-0.0550372001	0.9821564251	-0.2875877224
0.0000000000	0.0000000000	0.0000000000	1.0000000000
0	-1	6
0.9745989978	0.0544691746	-0.2172340698	1.7188597920
-0.0419569889	0.9972052962	0.0618034987	1.3451146129
0.2199929585	-0.0511190562	0.9741616133	-0.2620327955
0.0000000000	0.0000000000	0.0000000000	1.0000000000
0	-1	7
0.9701311856	0.0528562855	-0.2367510658	1.7295719933
-0.0394696907	0.9973606767	0.0609334433	1.3329831800
0.2393468036	-0.0497689162	0.9696583834	-0.2371344959
0.0000000000	0.0000000000	0.0000000000	1.0000000000
0	-1	8
0.9651308891	0.0616721150	-0.2544010342	1.7422601189
-0.0480331504	0.9970720165	0.0594866084	1.3191469065
0.2573250411	-0.0451926273	0.9652678120	-0.2098199245
0.0000000000	0.0000000000	0.0000000000	1.0000000000
0	-1	9
0.9599137611	0.0634296920	-0.2730243834	1.7570874880
-0.0490340702	0.9970386893	0.0592378181	1.3055363184
0.2759728389	-0.0434756384	0.9601819283	-0.1814992569
0.0000000000	0.0000000000	0.0000000000	1.0000000000
0	-1	10
0.9555145119	0.0662065981	-0.2874167772	1.7779443268
-0.0534147564	0.9972098279	0.0521312517	1.2902485423
0.2900662820	-0.0344597855	0.9563869850	-0.1494904143
0.0000000000	0.0000000000	0.0000000000	1.0000000000
0	-1	11
0.9568171395	0.0851988457	-0.2779255975	1.7927619409
-0.0728225595	0.9958498311	0.0545739799	1.2870504059
0.2814221885	-0.0319779217	0.9590514349	-0.1238982534
0.0000000000	0.0000000000	0.0000000000	1.0000000000
0	-1	12
0.9549469684	0.1109043392	-0.2752768926	1.8137815396
-0.0961068761	0.9931321609	0.0667178108	1.2844424383
0.2807859081	-0.0372559549	0.9590472947	-0.0975993011
0.0000000000	0.0000000000	0.0000000000	1.0000000000
0	-1	13
0.9559706077	0.1243023291	-0.2658357597	1.8383580294
-0.1034565506	0.9904538428	0.0910876276	1.2829162226
0.2746209461	-0.0595746429	0.9597060908	-0.0720860037
0.0000000000	0.0000000000	0.0000000000	1.0000000000
0	-1	14
0.9591990700	0.1335298838	-0.2492122459	1.8514329776
-0.1039731845	0.9862732940	0.1282690083	1.2816509834
0.2629191514	-0.0971241661	0.9599173011	-0.0564789058
0.0000000000	0.0000000000	0.0000000000	1.0000000000
0	-1	15
0.9525604424	0.1602245492	-0.2587615720	1.8685577025
-0.1229259438	0.9803163626	0.1544919826	1.2892133642
0.2784219738	-0.1153543706	0.9535070818	-0.0426025529
0.0000000000	0.0000000000	0.0000000000	1.0000000000
0	-1	16
0.9481015601	0.1747717052	-0.2656278193	1.8786392350
-0.1310621824	0.9759269264	0.1743202903	1.2960512040
0.2896998577	-0.1304598451	0.9481843903	-0.0371087550
0.0000000000	0.0000000000	0.0000000000	1.0000000000
0	-1	17
0.9343053593	0.1998684179	-0.2951724056	1.8895479750
-0.1437467005	0.9689638644	0.2011111079	1.3079222095
0.3262076024	-0.1454695236	0.9340380853	-0.0335683587
0.0000000000	0.0000000000	0.0000000000	1.0000000000
0	-1	18
0.9234020517	0.2169535211	-0.3166372554	1.8997384680
-0.1505747227	0.9635580227	0.2210922480	1.3141614493
0.3530663191	-0.1564800298	0.9224202946	-0.0282102875
0.0000000000	0.0000000000	0.0000000000	1.0000000000
0	-1	19
0.9080596358	0.2333168475	-0.3478366860	1.9130484249
-0.1573525553	0.9596762335	0.2329374544	1.3185161798
0.3881595158	-0.1567880327	0.9081573735	-0.0209681435
0.0000000000	0.0000000000	0.0000000000	1.0000000000
0	-1	20
0.8986167761	0.2502885288	-0.3603381047	1.9199931282
-0.1610127867	0.9521393394	0.2598167303	1.3218556644
0.4081217671	-0.1754562083	0.8959084400	-0.0166039223
0.0000000000	0.0000000000	0.0000000000	1.0000000000
0	-1	21
0.8813893460	0.2692026881	-0.3881797960	1.9273461688
-0.1690299916	0.9470516052	0.2729855589	1.3218630367
0.4411150634	-0.1749930870	0.8802241639	-0.0100811027
0.0000000000	0.0000000000	0.0000000000	1.0000000000
0	-1	22
0.8630263034	0.2818806083	-0.4192009903	1.9314163433
-0.1713893668	0.9440031210	0.2819257523	1.3201916412
0.4751978902	-0.1714628402	0.8630114034	-0.0046927461
0.0000000000	0.0000000000	0.0000000000	1.0000000000
0	-1	23
0.8413659849	0.3003007839	-0.4493585497	1.9354411766
-0.1761740692	0.9384023642	0.2972595675	1.3156635161
0.5109472143	-0.1709386067	0.8424444193	0.0041142447
0.0000000000	0.0000000000	0.0000000000	1.0000000000
0	-1	24
0.8157388527	0.3135078698	-0.4860898230	1.9419844619
-0.1787772856	0.9358804824	0.3035879165	1.3125583305
0.5501003886	-0.1607471813	0.8194815104	0.0160184709
0.0000000000	0.0000000000	0.0000000000	1.0000000000
0	-1	25
0.7861262090	0.3141383005	-0.5322809930	1.9490220021
-0.1674003048	0.9372310338	0.3058966765	1.3071740701
0.5949659867	-0.1513694912	0.7893696503	0.0279301627
0.0000000000	0.0000000000	0.0000000000	1.0000000000
0	-1	26
0.7564395514	0.3237900831	-0.5682950971	1.9639820043
-0.1712415573	0.9366013066	0.3057021283	1.2989434916
0.6312507283	-0.1339290276	0.7639289667	0.0486911602
0.0000000000	0.0000000000	0.0000000000	1.0000000000
0	-1	27
0.7400799278	0.3283569824	-0.5869095067	1.9796115533
-0.1675867082	0.9352167186	0.3119019094	1.2904682796
0.6513044676	-0.1324740043	0.7471637204	0.0662605936
0.0000000000	0.0000000000	0.0000000000	1.0000000000
0	-1	28
0.7240912468	0.3318243815	-0.6046362916	1.9948043281
-0.1596399987	0.9334865443	0.3211182786	1.2858670174
0.6709765351	-0.1359944036	0.7289016037	0.0754433636
0.0000000000	0.0000000000	0.0000000000	1.0000000000
0	-1	29
0.6920651216	0.3275483582	-0.6432415820	2.0259708052
-0.1407084365	0.9352386986	0.3248512890	1.2757055494
0.7079899189	-0.1343084021	0.6933351362	0.0931946556
0.0000000000	0.0000000000	0.0000000000	1.0000000000
0	-1	30
0.6919613362	0.3356282151	-0.6391744931	2.0435181500
-0.1314181346	0.9291290270	0.3456114699	1.2711846915
0.7098739923	-0.1551513457	0.6870294908	0.1026801319
0.0000000000	0.0000000000	0.0000000000	1.0000000000
0	-1	31
0.6631600997	0.3415932439	-0.6659826749	2.0713427396
-0.1310724407	0.9290333634	0.3459985090	1.2730054913
0.7369132179	-0.1421605891	0.6608724791	0.1126369354
0.0000000000	0.0000000000	0.0000000000	1.0000000000
0	-1	32
0.6593694113	0.3533092832	-0.6636301806	2.0921471419
-0.1274764161	0.9224559735	0.3644478636	1.2703377807
0.7409346161	-0.1557091546	0.6532790711	0.1242212238
0.0000000000	0.0000000000	0.0000000000	1.0000000000
0	-1	33
0.6349316395	0.3566112023	-0.6853395973	2.1168072826
-0.1140031601	0.9206284885	0.3734238354	1.2611472301
0.7641124359	-0.1589666622	0.6251916918	0.1367736155
0.0000000000	0.0000000000	0.0000000000	1.0000000000
0	-1	34
0.6398728936	0.3574738487	-0.6802760550	2.1342165651
-0.1111956751	0.9189739063	0.3783140293	1.2643568465
0.7603950000	-0.1664286401	0.6277769508	0.1455908369
0.0000000000	0.0000000000	0.0000000000	1.0000000000
0	-1	35
0.6372555399	0.3690787871	-0.6765258186	2.1443254018
-0.1115528553	0.9127911489	0.3928959248	1.2544845073
0.7625378558	-0.1749060354	0.6228531791	0.1536709332
0.0000000000	0.0000000000	0.0000000000	1.0000000000
0	-1	36
0.6376681116	0.3515382657	-0.6854210365	2.1542573061
-0.0965407967	0.9192509516	0.3816494975	1.2529874972
0.7642398290	-0.1771951813	0.6201155714	0.1677964560
0.0000000000	0.0000000000	0.0000000000	1.0000000000
0	-1	37
0.6498122237	0.3528930873	-0.6732099444	2.1596475829
-0.0841956966	0.9136581182	0.3976668232	1.2575302588
0.7554187815	-0.2017271055	0.6234194248	0.1799232265
0.0000000000	0.0000000000	0.0000000000	1.0000000000
0	-1	38
0.6622468269	0.3453573853	-0.6649501792	2.1576304963
-0.0657341728	0.9108003932	0.4075784509	1.2549109293
0.7463989820	-0.2262069937	0.6258774298	0.1949499389
0.0000000000	0.0000000000	0.0000000000	1.0000000000
0	-1	39
0.6693393397	0.3485804406	-0.6561078519	2.1573982441
-0.0634297661	0.9066892823	0.4170019713	1.2478501472
0.7402471955	-0.2374990769	0.6289935369	0.2232588045
0.0000000000	0.0000000000	0.0000000000	1.0000000000
0	-1	40
0.6603978485	0.3585557892	-0.6597834526	2.1536570125
-0.0655948125	0.9028226076	0.4249784425	1.2434770025
0.7480482614	-0.2373760121	0.6197416102	0.2404910783
0.0000000000	0.0000000000	0.0000000000	1.0000000000
0	-1	41
0.5956442803	0.4112954267	-0.6899599972	2.1622384578
-0.1026644997	0.8908983303	0.4424473177	1.2460718067
0.7966618641	-0.1927071645	0.5728844022	0.2618455685
0.0000000000	0.0000000000	0.0000000000	1.0000000000
0	-1	42
0.5629973182	0.4147405348	-0.7148600891	2.1694519734
-0.0739701695	0.8867818626	0.4562291044	1.2437777426
0.8231443701	-0.2039763825	0.5299350444	0.2874152800
0.0000000000	0.0000000000	0.0000000000	1.0000000000
0	-1	43
0.5532829207	0.4200152414	-0.7193511641	2.1708875665
-0.0659110736	0.8829395521	0.4648362720	1.2411336922
0.8303838334	-0.2097722231	0.5161994055	0.3082109698
0.0000000000	0.0000000000	0.0000000000	1.0000000000
0	-1	44
0.5454977090	0.4085139664	-0.7318114305	2.1655810536
-0.0374571565	0.8841761420	0.4656479265	1.2476634493
0.8372765067	-0.2265975091	0.4976189884	0.3173870128
0.0000000000	0.0000000000	0.0000000000	1.0000000000
0	-1	45
0.5227827904	0.4177480107	-0.7430916487	2.1650400915
-0.0279090009	0.8796154887	0.4748650945	1.2409744218
0.8520109860	-0.2275112479	0.4715069905	0.3375694819
0.0000000000	0.0000000000	0.0000000000	1.0000000000
0	-1	46
0.5305281731	0.4102573732	-0.7417750659	2.1654655525
-0.0118651075	0.8785853601	0.4774376859	1.2401181660
0.8475860996	-0.2444920314	0.4709819073	0.3579868587
0.0000000000	0.0000000000	0.0000000000	1.0000000000
0	-1	47
0.5135287511	0.3961409718	-0.7611577589	2.1608564248
0.0220403607	0.8806725485	0.4732119021	1.2354157394
0.8577910660	-0.2597835823	0.4435199808	0.3745382723
0.0000000000	0.0000000000	0.0000000000	1.0000000000
0	-1	48
0.5125302785	0.3749856029	-0.7724630096	2.1569641534
0.0425381366	0.8874114041	0.4590115264	1.2350544114
0.8576170960	-0.2681157783	0.4388741038	0.3895547592
0.0000000000	0.0000000000	0.0000000000	1.0000000000
0	-1	49
0.4943377281	0.3869299389	-0.7784070466	2.1590347051
0.0453706434	0.8827644728	0.4676183103	1.2379332085
0.8680879896	-0.2664779318	0.4188287649	0.4022650012
0.0000000000	0.0000000000	0.0000000000	1.0000000000
0	-1	50
0.4917247693	0.3896590809	-0.7787005120	2.1521674041
0.0578699841	0.8776836372	0.4757337593	1.2299710881
0.8688276156	-0.2789926054	0.4090290318	0.4103346757
0.0000000000	0.0000000000	0.0000000000	1.0000000000
0	-1	51
0.4908555182	0.3946749426	-0.7767202662	2.1487116477
0.0741954591	0.8693333034	0.4886242829	1.2251643535
0.8680784161	-0.2974718542	0.3974338204	0.4187914149
0.0000000000	0.0000000000	0.0000000000	1.0000000000
0	-1	52
0.4878596630	0.3792652541	-0.7862266056	2.1311603153
0.0805513169	0.8772801202	0.4731716305	1.2059371951
0.8691993813	-0.2941728137	0.3974400859	0.4233387803
0.0000000000	0.0000000000	0.0000000000	1.0000000000
0	-1	53
0.4606447988	0.3602650405	-0.8111825783	2.1297709446
0.0964106421	0.8882029522	0.4492214755	1.2114863802
0.8823346385	-0.2851377677	0.3744130500	0.4331429886
0.0000000000	0.0000000000	0.0000000000	1.0000000000
0	-1	54
0.4618768280	0.3689266746	-0.8065754162	2.1186140000
0.0885038385	0.8856765777	0.4557886507	1.2144892379
0.8825194348	-0.2819028100	0.3764229779	0.4525472262
0.0000000000	0.0000000000	0.0000000000	1.0000000000
0	-1	55
0.4551876667	0.3846627762	-0.8030191614	2.1039119771
0.0799729385	0.8805599562	0.4671391074	1.2226718721
0.8867985523	-0.2768558475	0.3700580566	0.4572810235
0.0000000000	0.0000000000	0.0000000000	1.0000000000
0	-1	56
0.4739237283	0.3841759236	-0.7923424844	2.0887078165
0.0910777983	0.8735978934	0.4780503303	1.2222811338
0.8758455612	-0.2987230907	0.3790288971	0.4711086333
0.0000000000	0.0000000000	0.0000000000	1.0000000000
0	-1	57
0.4911603430	0.3749640721	-0.7862346195	2.0733485231
0.0870834127	0.8769478870	0.4726284385	1.2218303885
0.8667077387	-0.3006041818	0.3980697202	0.4860214413
0.0000000000	0.0000000000	0.0000000000	1.0000000000
0	-1	58
0.4843740812	0.3790623217	-0.7884766385	2.0710421147
0.0783343807	0.8788460471	0.4706307556	1.2332624319
0.8713495801	-0.2897248657	0.3959965115	0.4932720997
0.0000000000	0.0000000000	0.0000000000	1.0000000000
0	-1	59
0.4817489094	0.3932462036	-0.7831203634	2.0716604549
0.0833629540	0.8690371001	0.4876721674	1.2393328923
0.8723372771	-0.3002184287	0.3858763539	0.5050897711
0.0000000000	0.0000000000	0.0000000000	1.0000000000
0	-1	60
0.4919374859	0.3918486144	-0.7774663147	2.0661356298
0.0880605218	0.8660172371	0.4921995134	1.2379276856
0.8661686771	-0.3105941182	0.3915204355	0.5167726535
0.0000000000	0.0000000000	0.0000000000	1.0000000000
0	-1	61
0.4946287958	0.3954186744	-0.7739436005	2.0627622750
0.0649855677	0.8711850357	0.4866337283	1.2538833639
0.8666740050	-0.2909969204	0.4052177036	0.5189463854
0.0000000000	0.0000000000	0.0000000000	1.0000000000
0	-1	62
0.4751635009	0.4162772111	-0.7752001090	2.0611370058
0.0578163956	0.8643349060	0.4995818445	1.2626812747
0.8779988956	-0.2822013392	0.3866335056	0.5271649935
0.0000000000	0.0000000000	0.0000000000	1.0000000000
0	-1	63
0.4608799363	0.4218318884	-0.7808004848	2.0520069260
0.0550825174	0.8645179918	0.4995746402	1.2593718806
0.8857539982	-0.2732511361	0.3752036662	0.5401479333
0.0000000000	0.0000000000	0.0000000000	1.0000000000
0	-1	64
0.4381800292	0.4393233402	-0.7842156430	2.0512476550
0.0583813878	0.8566775902	0.5125383446	1.2609647294
0.8969920463	-0.2703666156	0.3497318411	0.5619548363
0.0000000000	0.0000000000	0.0000000000	1.0000000000
0	-1	65
0.4324462158	0.4421070437	-0.7858323655	2.0503893477
0.0514935965	0.8580073126	0.5110506084	1.2645313380
0.9001904349	-0.2614661221	0.3482770301	0.5810848523
0.0000000000	0.0000000000	0.0000000000	1.0000000000
0	-1	66
0.4159918091	0.4575359407	-0.7858840113	2.0494716941
0.0564190240	0.8495570358	0.5244704904	1.2661209180
0.9076187960	-0.2625133674	0.3275948319	0.6016611434
0.0000000000	0.0000000000	0.0000000000	1.0000000000
0	-1	67
0.4134876571	0.4583852484	-0.7867098432	2.0502244587
0.0516611083	0.8508271911	0.5228990743	1.2639122191
0.9090450039	-0.2568537284	0.3281274569	0.6303032668
0.0000000000	0.0000000000	0.0000000000	1.0000000000
0	-1	68
0.4445500941	0.4457220607	-0.7769874983	2.0449048703
0.0471844247	0.8545529678	0.5172152179	1.2607269642
0.8945134641	-0.2665886563	0.3588612340	0.6594663903
0.0000000000	0.0000000000	0.0000000000	1.0000000000
0	-1	69
0.4542939912	0.4403073660	-0.7744336528	2.0370352302
0.0475561364	0.8560914366	0.5146318653	1.2590218295
0.8895839922	-0.2706226728	0.3679789497	0.6721983118
0.0000000000	0.0000000000	0.0000000000	1.0000000000
0	-1	70
0.4597270747	0.4488425044	-0.7662846313	2.0274933181
0.0389423304	0.8518543335	0.5223282173	1.2544639281
0.8872082276	-0.2699681602	0.3741428957	0.6860162989
0.0000000000	0.0000000000	0.0000000000	1.0000000000
0	-1	71
0.4579527961	0.4613984545	-0.7598629806	2.0149034301
0.0379964048	0.8438203636	0.5352793838	1.2399711506
0.8881666071	-0.2740035927	0.3688992456	0.7009475225
0.0000000000	0.0000000000	0.0000000000	1.0000000000
0	-1	72
0.4485046578	0.4654290891	-0.7630338863	2.0056083594
0.0438705053	0.8412211385	0.5389088890	1.2287357177
0.8927048923	-0.2751770404	0.3568740160	0.7136888743
0.0000000000	0.0000000000	0.0000000000	1.0000000000
0	-1	73
0.4162407431	0.4756397190	-0.7749271927	2.0007105677
0.0479699508	0.8395904777	0.5410970012	1.2201404545
0.9079904207	-0.2623987092	0.3266562749	0.7272862049
0.0000000000	0.0000000000	0.0000000000	1.0000000000
0	-1	74
0.3807517092	0.4855023119	-0.7869671093	2.0014345116
0.0583458319	0.8367596325	0.5444524036	1.2131062571
0.9228368362	-0.2532167417	0.2902713969	0.7490852282
0.0000000000	0.0000000000	0.0000000000	1.0000000000
0	-1	75
0.3600721801	0.4929555337	-0.7920502734	2.0084291445
0.0579079818	0.8355487158	0.5463560622	1.2075103697
0.9311272835	-0.2425929878	0.2723125445	0.7672822995
0.0000000000	0.0000000000	0.0000000000	1.0000000000
0	-1	76
0.3312670796	0.4937550744	-0.8040328458	2.0182750105
0.0505334851	0.8416390781	0.5376713199	1.2015463383
0.9421855350	-0.2187425952	0.2538575464	0.7706791074
0.0000000000	0.0000000000	0.0000000000	1.0000000000
0	-1	77
0.3117481074	0.4892839887	-0.8145023263	2.0361099949
0.0538036020	0.8467554565	0.5292542722	1.1944522582
0.9486423543	-0.2088159961	0.2376493898	0.7747624155
0.0000000000	0.0000000000	0.0000000000	1.0000000000
0	-1	78
0.3143382324	0.4894877365	-0.8133839023	2.0592556972
0.0586862407	0.8451555146	0.5312891912	1.1944395590
0.9474977308	-0.2147381616	0.2369393760	0.7806962332
0.0000000000	0.0000000000	0.0000000000	1.0000000000
0	-1	79
0.2975302486	0.4909822958	-0.8187869880	2.0821779985
0.0708208200	0.8439130842	0.5317854314	1.1896313094
0.9520841504	-0.2162088634	0.2163184068	0.7839858905
0.0000000000	0.0000000000	0.0000000000	1.0000000000
0	-1	80
0.3070599518	0.4893558075	-0.8162382423	2.1076969686
0.0627993403	0.8453839529	0.5304548501	1.1913509472
0.9496182797	-0.2141400938	0.2288534280	0.7940741760
0.0000000000	0.0000000000	0.0000000000	1.0000000000
0	-1	81
0.3069382878	0.4887451592	-0.8166502719	2.1277459718
0.0618343691	0.8460149427	0.5295614306	1.1916198275
0.9497214469	-0.2130393203	0.2294537061	0.7963686897
0.0000000000	0.0000000000	0.0000000000	1.0000000000
0	-1	82
0.2921796971	0.4912619763	-0.8205444617	2.1510735979
0.0570576061	0.8474998756	0.5277188161	1.1948044826
0.9546623521	-0.2010068025	0.2195926396	0.7975717387
0.0000000000	0.0000000000	0.0000000000	1.0000000000
0	-1	83
0.2858588712	0.4920102268	-0.8223200837	2.1657693606
0.0476305989	0.8497719116	0.5249937966	1.1994006155
0.9570892560	-0.1892419015	0.2194811870	0.7993854563
0.0000000000	0.0000000000	0.0000000000	1.0000000000
0	-1	84
0.2829416206	0.4967140140	-0.8204994345	2.1722654820
0.0430148840	0.8480233863	0.5282111714	1.2052695600
0.9581748426	-0.1847457468	0.2185761193	0.8019246446
0.0000000000	0.0000000000	0.0000000000	1.0000000000
0	-1	85
0.2867018219	0.4842509244	-0.8266221234	2.1735930152
0.0404784709	0.8559488515	0.5154732515	1.2103880542
0.9571668995	-0.1812466845	0.2258012510	0.8105325907
0.0000000000	0.0000000000	0.0000000000	1.0000000000
0	-1	86
0.2952129073	0.4871425078	-0.8219132716	2.1730127757
0.0271853743	0.8556210908	0.5168875160	1.2128392946
0.9550469885	-0.1749354083	0.2393482366	0.8291332148
0.0000000000	0.0000000000	0.0000000000	1.0000000000
0	-1	87
0.2859607561	0.4888821011	-0.8241480868	2.1702418470
0.0286133364	0.8553222914	0.5173045746	1.2184665832
0.9578166503	-0.1715099182	0.2306012084	0.8488258788
0.0000000000	0.0000000000	0.0000000000	1.0000000000
0	-1	88
0.2735803315	0.4947924283	-0.8248243871	2.1603054956
0.0487367369	0.8493057470	0.5256458850	1.2271625551
0.9606160408	-0.1840049159	0.2082393033	0.8668012569
0.0000000000	0.0000000000	0.0000000000	1.0000000000
0	-1	89
0.2365777481	0.5053648280	-0.8298421931	2.1443004843
0.0454672705	0.8473921141	0.5290168275	1.2332573824
0.9705506125	-0.1628836810	0.1774973123	0.8819882502
0.0000000000	0.0000000000	0.0000000000	1.0000000000
0	-1	90
0.1981994210	0.4979698895	-0.8442411181	2.1349481030
0.0370460653	0.8569058719	0.5141399196	1.2455921571
0.9794639545	-0.1331780942	0.1513913724	0.8945072686
0.0000000000	0.0000000000	0.0000000000	1.0000000000
0	-1	91
0.1783481219	0.5044618642	-0.8448137966	2.1280986587
0.0276858385	0.8556648118	0.5167887523	1.2511736761
0.9835805080	-0.1155569662	0.1386403495	0.9080634158
0.0000000000	0.0000000000	0.0000000000	1.0000000000
0	-1	92
0.1678895879	0.5000599533	-0.8495607378	2.1333203716
0.0215097149	0.8597288825	0.5102971662	1.2665397987
0.9855740912	-0.1039472073	0.1335844069	0.9164603389
0.0000000000	0.0000000000	0.0000000000	1.0000000000
0	-1	93
0.1704716205	0.5074032451	-0.8446777545	2.1390091677
0.0206312838	0.8551993560	0.5178885527	1.2788218142
0.9851494172	-0.1057120357	0.1353201025	0.9285410125
0.0000000000	0.0000000000	0.0000000000	1.0000000000
0	-1	94
0.1747037795	0.5093449930	-0.8426428264	2.1435872085
0.0123439372	0.8546028244	0.5191357251	1.2914797783
0.9845459950	-0.1010964760	0.1430163020	0.9394321676
0.0000000000	0.0000000000	0.0000000000	1.0000000000
0	-1	95
0.1695374323	0.4832597093	-0.8589046768	2.1431701352
0.0030008721	0.8712632831	0.4908075822	1.2978363101
0.9855215513	-0.0857876037	0.1462631313	0.9516784852
0.0000000000	0.0000000000	0.0000000000	1.0000000000
0	-1	96
0.1517545048	0.4699731685	-0.8695373926	2.1480950307
-0.0108124381	0.8804617964	0.4739929844	1.3143191755
0.9883613740	-0.0625287370	0.1386962468	0.9626607104
0.0000000000	0.0000000000	0.0000000000	1.0000000000
0	-1	97
0.1520054765	0.4544086011	-0.8777280540	2.1467058402
-0.0106787105	0.8887499563	0.4582676476	1.3239022102
0.9883250411	-0.0602860074	0.1399480325	0.9733153714
0.0000000000	0.0000000000	0.0000000000	1.0000000000
0	-1	98
0.1367798630	0.4320310048	-0.8914257747	2.1511887909
-0.0204398766	0.9009224697	0.4334989075	1.3406783818
0.9903925849	-0.0410734372	0.1320602778	0.9838678325
0.0000000000	0.0000000000	0.0000000000	1.0000000000
0	-1	99
0.1320443012	0.4250424632	-0.8954900006	2.1552226821
-0.0217386145	0.9044246294	0.4260798974	1.3614851721
0.9910084269	-0.0367946873	0.1286653730	0.9917396886
0.0000000000	0.0000000000	0.0000000000	1.0000000000
0	-1	100
0.1164435974	0.4359377082	-0.8924118100	2.1590958067
-0.0287440434	0.8996263009	0.4357133425	1.3793099486
0.9927842663	-0.0250844725	0.1172868839	0.9975326418
0.0000000000	0.0000000000	0.0000000000	1.0000000000
0	-1	101
0.1128103070	0.4477398087	-0.8870189466	2.1631197472
-0.0208090168	0.8935852836	0.4484100869	1.3946495464
0.9934013777	-0.0321272257	0.1101237834	1.0019801059
0.0000000000	0.0000000000	0.0000000000	1.0000000000
0	-1	102
0.1237635246	0.4590493164	-0.8797476013	2.1663624504
-0.0079031132	0.8869916036	0.4617184142	1.4102941182
0.9922829642	-0.0501913979	0.1134061076	1.0034681270
0.0000000000	0.0000000000	0.0000000000	1.0000000000
0	-1	103
0.1259586163	0.4686212686	-0.8743730875	2.1679438400
-0.0032801364	0.8815844096	0.4720154196	1.4231325878
0.9920325311	-0.0565863337	0.1125810473	1.0061791308
0.0000000000	0.0000000000	0.0000000000	1.0000000000
0	-1	104
0.1257290090	0.4714246035	-0.8728975602	2.1704021437
-0.0032981072	0.8800733673	0.4748265704	1.4372086757
0.9920617073	-0.0568207165	0.1122063172	1.0083530896
0.0000000000	0.0000000000	0.0000000000	1.0000000000
0	-1	105
0.1372565691	0.4724884880	-0.8705831366	2.1705754874
0.0006013073	0.8788608048	0.4770779266	1.4464980607
0.9905375995	-0.0660056182	0.1203458741	1.0121080312
0.0000000000	0.0000000000	0.0000000000	1.0000000000
0	-1	106
0.1621649906	0.4741571970	-0.8653767935	2.1726832167
-0.0016910376	0.8771172866	0.4802739299	1.4647628762
0.9867651406	-0.0764200664	0.1430406119	1.0160013504
0.0000000000	0.0000000000	0.0000000000	1.0000000000
0	-1	107
0.1843835281	0.4784398392	-0.8585438601	2.1747669851
-0.0143738094	0.8747394048	0.4843803788	1.4793372116
0.9827520486	-0.0769713167	0.1681653708	1.0224104675
0.0000000000	0.0000000000	0.0000000000	1.0000000000
0	-1	108
0.2031006409	0.4801086993	-0.8533732921	2.1785952602
-0.0188879011	0.8732957179	0.4868243319	1.4955525507
0.9789783620	-0.0827556445	0.1864363250	1.0337107627
0.0000000000	0.0000000000	0.0000000000	1.0000000000
0	-1	109
0.2174949282	0.4876029932	-0.8455403086	2.1807077671
-0.0191555703	0.8682428517	0.4957695908	1.5138006503
0.9758763591	-0.0916303244	0.1981798605	1.0318740880
0.0000000000	0.0000000000	0.0000000000	1.0000000000
0	-1	110
0.2213146585	0.4938051975	-0.8409375644	2.1821061293
-0.0148802592	0.8639305954	0.5033922570	1.5300886045
0.9750919119	-0.0988944341	0.1985494399	1.0313909000
0.0000000000	0.0000000000	0.0000000000	1.0000000000
0	-1	111
0.2077670658	0.5088938581	-0.8353798880	2.1830675149
-0.0192351295	0.8559756650	0.5166589676	1.5452399035
0.9779916839	-0.0912756778	0.1876331246	1.0321048614
0.0000000000	0.0000000000	0.0000000000	1.0000000000
0	-1	112
0.1814528419	0.5256385243	-0.8311309030	2.1822529874
-0.0277720952	0.8475629313	0.5299693668	1.5546961598
0.9830096563	-0.0730822962	0.1683916596	1.0333904003
0.0000000000	0.0000000000	0.0000000000	1.0000000000
0	-1	113
0.1679944459	0.5393427995	-0.8251583069	2.1820227523
-0.0322881952	0.8396158136	0.5422205636	1.5645960792
0.9852612866	-0.0644469876	0.1584654894	1.0381901356
0.0000000000	0.0000000000	0.0000000000	1.0000000000
0	-1	114
0.1605079502	0.5560565175	-0.8154983489	2.1807612724
-0.0347560940	0.8288820592	0.5583436553	1.5682583262
0.9864252729	-0.0612749674	0.1523697500	1.0420406839
0.0000000000	0.0000000000	0.0000000000	1.0000000000
0	-1	115
0.1534052643	0.5639470877	-0.8114368131	2.1778150851
-0.0328004464	0.8236103258	0.5662082545	1.5678847118
0.9876211069	-0.0602437513	0.1448447513	1.0455052618
0.0000000000	0.0000000000	0.0000000000	1.0000000000
0	-1	116
0.1438445860	0.5681632232	-0.8102463893	2.1709923201
-0.0370578901	0.8212790789	0.5693222197	1.5567822793
0.9889094334	-0.0518675180	0.1391919636	1.0490386284
0.0000000000	0.0000000000	0.0000000000	1.0000000000
0	-1	117
0.1372446564	0.5713835499	-0.8091256814	2.1634599563
-0.0467784023	0.8196825618	0.5709056987	1.5353090287
0.9894348868	-0.0405042700	0.1392265995	1.0527667657
0.0000000000	0.0000000000	0.0000000000	1.0000000000
0	-1	118
0.1324893542	0.5774149845	-0.8056290801	2.1550402806
-0.0414624319	0.8153112911	0.5775382559	1.5042339544
0.9903194371	-0.0431143159	0.1319620187	1.0533488392
0.0000000000	0.0000000000	0.0000000000	1.0000000000
0	-1	119
0.1382961402	0.5668535549	-0.8121267672	2.1484706094
-0.0360961854	0.8223462332	0.5678417468	1.4792259751
0.9897360230	-0.0492154936	0.1341895928	1.0559077845
0.0000000000	0.0000000000	0.0000000000	1.0000000000
0	-1	120
0.1389328527	0.5794957799	-0.8030450574	2.1398398790
-0.0424828963	0.8136505767	0.5798009932	1.4550101444
0.9893930767	-0.0464378136	0.1376626589	1.0581972273
0.0000000000	0.0000000000	0.0000000000	1.0000000000
0	-1	121
0.1440254743	0.5848420865	-0.7982573235	2.1273843639
-0.0371262644	0.8092933215	0.5862304456	1.4244849225
0.9888802072	-0.0547956220	0.1382727620	1.0579988837
0.0000000000	0.0000000000	0.0000000000	1.0000000000
0	-1	122
0.1570799076	0.5770759495	-0.8014414310	2.1105191612
-0.0410844120	0.8146311645	0.5785221806	1.3958668623
0.9867331308	-0.0579476479	0.1516722743	1.0591073586
0.0000000000	0.0000000000	0.0000000000	1.0000000000
0	-1	123
0.1577202612	0.5726925252	-0.8044537810	2.0888384605
-0.0536184498	0.8184146757	0.5721209455	1.3707817521
0.9860293489	-0.0471015665	0.1597890554	1.0588338728
0.0000000000	0.0000000000	0.0000000000	1.0000000000
0	-1	124
0.1791573080	0.5742983453	-0.7988013270	2.0601284672
-0.0665744522	0.8171531709	0.5725630463	1.3431275349
0.9815678842	-0.0493990688	0.1846341118	1.0581284199
0.0000000000	0.0000000000	0.0000000000	1.0000000000
0	-1	125
0.2043360171	0.5764038307	-0.7912050194	2.0303683436
-0.0653555690	0.8144875832	0.5764888877	1.3199505186
0.9767191217	-0.0660873986	0.2041004893	1.0589899030
0.0000000000	0.0000000000	0.0000000000	1.0000000000
0	-1	126
0.2102583661	0.5738739673	-0.7914914125	2.0023014811
-0.0829104549	0.8171397211	0.5704462437	1.3010173170
0.9741263461	-0.0543184918	0.2193915399	1.0568262580
0.0000000000	0.0000000000	0.0000000000	1.0000000000
0	-1	127
0.1965006024	0.5737587024	-0.7951026789	1.9834855363
-0.0994586761	0.8183931306	0.5659866655	1.2885179079
0.9754484815	-0.0321369886	0.2178813462	1.0508415702
0.0000000000	0.0000000000	0.0000000000	1.0000000000
0	-1	128
0.1913191763	0.5711463955	-0.7982401295	1.9685009115
-0.1082289087	0.8205792954	0.5611923789	1.2726091970
0.9755451862	-0.0209736018	0.2188085599	1.0478343702
0.0000000000	0.0000000000	0.0000000000	1.0000000000
0	-1	129
0.1916061211	0.5742789727	-0.7959207328	1.9576519803
-0.1109200397	0.8184203806	0.5638131236	1.2543157353
0.9751866075	-0.0197465441	0.2205138604	1.0454461085
0.0000000000	0.0000000000	0.0000000000	1.0000000000
0	-1	130
0.1983004376	0.5665042481	-0.7998439586	1.9502776294
-0.0986250996	0.8234392978	0.5587669224	1.2360527511
0.9751689555	-0.0319193180	0.2191606753	1.0455840611
0.0000000000	0.0000000000	0.0000000000	1.0000000000
0	-1	131
0.2001048415	0.5567486609	-0.8062185524	1.9447385611
-0.1013690317	0.8302088455	0.5481575599	1.2226851749
0.9745185731	-0.0279637332	0.2225677597	1.0527971360
0.0000000000	0.0000000000	0.0000000000	1.0000000000
0	-1	132
0.1967734409	0.5541004229	-0.8088589140	1.9405208104
-0.0879132646	0.8316352137	0.5483183533	1.2095754537
0.9765017220	-0.0367852204	0.2123584650	1.0643346353
0.0000000000	0.0000000000	0.0000000000	1.0000000000
0	-1	133
0.1937452704	0.5508474848	-0.8118070021	1.9359909420
-0.0712943429	0.8332026679	0.5483525854	1.1984358224
0.9784603987	-0.0483637842	0.2007027197	1.0776761937
0.0000000000	0.0000000000	0.0000000000	1.0000000000
0	-1	134
0.1768396312	0.5495984503	-0.8164973913	1.9299291133
-0.0680378291	0.8344126919	0.5469249963	1.1883708624
0.9818873626	-0.0411651541	0.1849516816	1.0921151937
0.0000000000	0.0000000000	0.0000000000	1.0000000000
0	-1	135
0.1541644143	0.5436879267	-0.8250064831	1.9224457427
-0.0722364672	0.8389557590	0.5393840072	1.1763974804
0.9854032257	-0.0235581505	0.1686133169	1.1055795442
0.0000000000	0.0000000000	0.0000000000	1.0000000000
0	-1	136
0.1251531588	0.5417360958	-0.8311788444	1.9178147031
-0.0682956735	0.8404816073	0.5375180888	1.1667159264
0.9897870031	-0.0105067714	0.1421887751	1.1161787714
0.0000000000	0.0000000000	0.0000000000	1.0000000000
0	-1	137
0.1087267959	0.5369967582	-0.8365481277	1.9152944958
-0.0580438035	0.8435301670	0.5339364635	1.1582779566
0.9923780857	-0.0094968962	0.1228852456	1.1296738905
0.0000000000	0.0000000000	0.0000000000	1.0000000000
0	-1	138
0.0847854370	0.5384576442	-0.8383759814	1.9164697749
-0.0539927874	0.8426508321	0.5357457565	1.1537179609
0.9949381224	-0.0001577166	0.1005187389	1.1430273097
0.0000000000	0.0000000000	0.0000000000	1.0000000000
0	-1	139
0.0675969518	0.5394217760	-0.8393181295	1.9167237892
-0.0429372610	0.8420346671	0.5377118419	1.1505130747
0.9967909132	-0.0003098846	0.0800811175	1.1581786030
0.0000000000	0.0000000000	0.0000000000	1.0000000000
0	-1	140
0.0434195499	0.5382281772	-0.8416797762	1.9171966084
-0.0427283582	0.8427023502	0.5366805519	1.1473641237
0.9981452996	0.0126609218	0.0595889309	1.1752565511
0.0000000000	0.0000000000	0.0000000000	1.0000000000
0	-1	141
0.0203973639	0.5334345869	-0.8455947332	1.9164627047
-0.0386564461	0.8455582226	0.5324819896	1.1466838399
0.9990470504	0.0218263030	0.0378690942	1.1938687415
0.0000000000	0.0000000000	0.0000000000	1.0000000000
0	-1	142
-0.0037246923	0.5295520690	-0.8482689256	1.9145132698
-0.0304908169	0.8478196913	0.5294076108	1.1478658502
0.9995312976	0.0278360410	0.0129900290	1.2131862988
0.0000000000	0.0000000000	0.0000000000	1.0000000000
0	-1	143
-0.0343773536	0.5264055854	-0.8495380151	1.9132573496
-0.0236185987	0.8493739592	0.5272627793	1.1509031545
0.9991326568	0.0381903750	-0.0167649676	1.2321606077
0.0000000000	0.0000000000	0.0000000000	1.0000000000
0	-1	144
-0.0491328860	0.5253601632	-0.8494598250	1.9131470504
-0.0217340671	0.8497221040	0.5267823855	1.1546864095
0.9985587296	0.0443440934	-0.0303296971	1.2470771063
0.0000000000	0.0000000000	0.0000000000	1.0000000000
0	-1	145
-0.0402366147	0.5221869392	-0.8518811142	1.9115339822
-0.0254284359	0.8517593471	0.5233160624	1.1537905585
0.9988691219	0.0427179652	-0.0209922092	1.2560710231
0.0000000000	0.0000000000	0.0000000000	1.0000000000
0	-1	146
-0.0360063428	0.5210341278	-0.8527760208	1.9109367635
-0.0297919664	0.8523887242	0.5220583998	1.1515498183
0.9989104464	0.0442029119	-0.0151674098	1.2598554151
0.0000000000	0.0000000000	0.0000000000	1.0000000000
0	-1	147
-0.0188487699	0.5225562957	-0.8523965745	1.9091690154
-0.0181031877	0.8522275577	0.5228568447	1.1503792706
0.9996614495	0.0252858768	-0.0066022485	1.2612594391
0.0000000000	0.0000000000	0.0000000000	1.0000000000
0	-1	148
-0.0089755149	0.5150145545	-0.8571341286	1.9073154333
-0.0210212824	0.8568806347	0.5150854285	1.1514849142
0.9997411125	0.0226408511	0.0031363528	1.2596515884
0.0000000000	0.0000000000	0.0000000000	1.0000000000
0	-1	149
-0.0002941824	0.5181321372	-0.8553008982	1.9041162703
-0.0246970906	0.8550347747	0.5179826613	1.1534563201
0.9996975918	0.0212755428	0.0125460608	1.2633840835
0.0000000000	0.0000000000	0.0000000000	1.0000000000
0	-1	150
-0.0063552633	0.5092425866	-0.8606001172	1.8982975163
-0.0206164406	0.8603660092	0.5092591986	1.1522817454
0.9997699217	0.0209787578	0.0050325877	1.2720050306
0.0000000000	0.0000000000	0.0000000000	1.0000000000
0	-1	151
-0.0228749224	0.5003926437	-0.8654963194	1.8900925585
-0.0210243934	0.8652887259	0.5008312618	1.1520634950
0.9995199140	0.0296527389	-0.0092717045	1.2909782421
0.0000000000	0.0000000000	0.0000000000	1.0000000000
0	-1	152
-0.0618708079	0.5018958660	-0.8627129239	1.8825643974
-0.0223091228	0.8634557552	0.5039300644	1.1551780763
0.9978377517	0.0504245712	-0.0422245772	1.3157724764
0.0000000000	0.0000000000	0.0000000000	1.0000000000
0	-1	153
-0.1021148879	0.5118588897	-0.8529794603	1.8711613232
-0.0196939782	0.8562512349	0.5161828507	1.1587015446
0.9945802629	0.0695080185	-0.0773542558	1.3394570041
0.0000000000	0.0000000000	0.0000000000	1.0000000000
0	-1	154
-0.1359464008	0.5114096076	-0.8485159564	1.8594697991
-0.0122277327	0.8555338637	0.5176017909	1.1616882945
0.9906438597	0.0807408771	-0.1100522038	1.3564608977
0.0000000000	0.0000000000	0.0000000000	1.0000000000
0	-1	155
-0.1672851003	0.5065496334	-0.8458275788	1.8483761092
-0.0068544067	0.8572961705	0.5147769145	1.1643869958
0.9858880230	0.0919114786	-0.1399396952	1.3725391979
0.0000000000	0.0000000000	0.0000000000	1.0000000000
0	-1	156
-0.1932139348	0.5033949032	-0.8421784219	1.8363508886
-0.0046182048	0.8578729081	0.5138397740	1.1667207178
0.9811485006	0.1031690798	-0.1634271236	1.3884873443
0.0000000000	0.0000000000	0.0000000000	1.0000000000
0	-1	157
-0.2099976127	0.4957140752	-0.8427156232	1.8247475906
-0.0113246455	0.8606415357	0.5090847032	1.1654679977
0.9776389769	0.1164486905	-0.1751175432	1.4058065154
0.0000000000	0.0000000000	0.0000000000	1.0000000000
0	-1	158
-0.2277393105	0.4888069923	-0.8421433519	1.8158756056
-0.0144922747	0.8630694552	0.5048761493	1.1630015047
0.9736172942	0.1271841058	-0.1894697019	1.4176567551
0.0000000000	0.0000000000	0.0000000000	1.0000000000
0	-1	159
-0.2472289156	0.4888870632	-0.8365822176	1.8107677645
-0.0181557352	0.8608919702	0.5084633766	1.1607969562
0.9687901613	0.1408940508	-0.2039602439	1.4212435109
0.0000000000	0.0000000000	0.0000000000	1.0000000000
0	-1	160
-0.2401353533	0.4863877530	-0.8400970526	1.8050459028
-0.0254502069	0.8619652239	0.5063273188	1.1560615649
0.9704085607	0.1429665256	-0.1946088380	1.4183224597
0.0000000000	0.0000000000	0.0000000000	1.0000000000
0	-1	161
-0.2041480940	0.5018966170	-0.8404914497	1.7970322135
-0.0043382276	0.8580976309	0.5134670261	1.1477067848
0.9789331720	0.1084685202	-0.1730004189	1.4123320518
0.0000000000	0.0000000000	0.0000000000	1.0000000000
0	-1	162
-0.1988372531	0.4911685866	-0.8480680354	1.7935502204
-0.0299839316	0.8618903886	0.5062078957	1.1392039775
0.9795763901	0.1260804570	-0.1566479022	1.4078553159
0.0000000000	0.0000000000	0.0000000000	1.0000000000
0	-1	163
-0.2002855770	0.4998066534	-0.8426634488	1.7903718311
-0.0213763594	0.8576541343	0.5137827121	1.1295185982
0.9795070582	0.1209159932	-0.1610911669	1.4081836573
0.0000000000	0.0000000000	0.0000000000	1.0000000000
0	-1	164
-0.2026171460	0.5043626057	-0.8393843683	1.7882374802
-0.0201862818	0.8548282147	0.5185179593	1.1226717717
0.9790528533	0.1220039427	-0.1630207079	1.4120319290
0.0000000000	0.0000000000	0.0000000000	1.0000000000
0	-1	165
-0.2111301370	0.5098980631	-0.8339241674	1.7806300991
-0.0194913851	0.8507880776	0.5251472006	1.1147148165
0.9772665859	0.1271286213	-0.1696878436	1.4179805908
0.0000000000	0.0000000000	0.0000000000	1.0000000000
0	-1	166
-0.2176018831	0.5056442120	-0.8348502846	1.7717851663
-0.0273970362	0.8518425058	0.5230806712	1.1050034293
0.9756556617	0.1366952454	-0.1715085292	1.4287139838
0.0000000000	0.0000000000	0.0000000000	1.0000000000
0	-1	167
-0.2226306923	0.4973230382	-0.8385149392	1.7635078419
-0.0393320321	0.8548156157	0.5174383601	1.0949541460
0.9741123698	0.1481773677	-0.1707465765	1.4371745258
0.0000000000	0.0000000000	0.0000000000	1.0000000000
0	-1	168
-0.2430560367	0.4750819785	-0.8457090126	1.7504868425
-0.0510798088	0.8643722398	0.5002498422	1.0827194601
0.9686697010	0.1647863684	-0.1858228710	1.4529234488
0.0000000000	0.0000000000	0.0000000000	1.0000000000
0	-1	169
-0.2561918637	0.4606765088	-0.8497920190	1.7393745763
-0.0520004297	0.8712872185	0.4880095719	1.0765109445
0.9652293999	0.1692128342	-0.1992599540	1.4652965617
0.0000000000	0.0000000000	0.0000000000	1.0000000000
0	-1	170
-0.2667347920	0.4634064769	-0.8450501456	1.7276264087
-0.0551233378	0.8680435239	0.4934175491	1.0720115136
0.9621959521	0.1781920038	-0.2059921739	1.4799337777
0.0000000000	0.0000000000	0.0000000000	1.0000000000
0	-1	171
-0.2838917210	0.4620500376	-0.8401888327	1.7153774123
-0.0716318672	0.8635692978	0.4991147945	1.0618110834
0.9561800073	0.2018773744	-0.2120622582	1.4909305714
0.0000000000	0.0000000000	0.0000000000	1.0000000000
0	-1	172
-0.3019745465	0.4537093182	-0.8384283637	1.7012302971
-0.0834880947	0.8635181219	0.4973583761	1.0512241467
0.9496565578	0.2201878875	-0.2228805913	1.4949150687
0.0000000000	0.0000000000	0.0000000000	1.0000000000
0	-1	173
-0.3200983570	0.4364557034	-0.8408607223	1.6860704704
-0.0897175695	0.8696030706	0.4855314411	1.0417957310
0.9431300280	0.2308557504	-0.2392000150	1.4912880685
0.0000000000	0.0000000000	0.0000000000	1.0000000000
0	-1	174
-0.3352329507	0.4198678353	-0.8434055787	1.6740096652
-0.0924263503	0.8762283361	0.4729482754	1.0381000796
0.9375940158	0.2364997916	-0.2549333316	1.4841361759
0.0000000000	0.0000000000	0.0000000000	1.0000000000
0	-1	175
-0.3514223799	0.4193947951	-0.8370271403	1.6635284014
-0.0844454228	0.8762051357	0.4744820698	1.0399448511
0.9324048043	0.2374260775	-0.2725006402	1.4749264580
0.0000000000	0.0000000000	0.0000000000	1.0000000000
0	-1	176
-0.3663441955	0.4241107206	-0.8282060049	1.6565619993
-0.0759254697	0.8734887397	0.4808873946	1.0440823534
0.9273798202	0.2390504395	-0.2877964625	1.4677773528
0.0000000000	0.0000000000	0.0000000000	1.0000000000
0	-1	177
-0.3720602102	0.4280041450	-0.8236426134	1.6525657426
-0.0686064218	0.8722353119	0.4842504024	1.0537359895
0.9256728670	0.2366760050	-0.2951600789	1.4687812316
0.0000000000	0.0000000000	0.0000000000	1.0000000000
0	-1	178
-0.3772326613	0.4371969359	-0.8164295818	1.6513431006
-0.0572261449	0.8688686932	0.4917228528	1.0643350256
0.9243525951	0.2322135412	-0.3027452437	1.4740949354
0.0000000000	0.0000000000	0.0000000000	1.0000000000
0	-1	179
-0.3786397886	0.4398927576	-0.8143282666	1.6516021364
-0.0534876339	0.8679640789	0.4937392403	1.0756225905
0.9240010338	0.2305041258	-0.3051156058	1.4850686556
0.0000000000	0.0000000000	0.0000000000	1.0000000000
0	-1	180
-0.3798518379	0.4384530786	-0.8145391503	1.6524392609
-0.0535509339	0.8686351715	0.4925489337	1.0832001224
0.9234990511	0.2307139621	-0.3064729066	1.4962780861
0.0000000000	0.0000000000	0.0000000000	1.0000000000
0	-1	181
-0.3825555828	0.4322656694	-0.8165782365	1.6549615784
-0.0517662829	0.8723879591	0.4860643556	1.0923253566
0.9224842650	0.2282164890	-0.3113595842	1.5079339903
0.0000000000	0.0000000000	0.0000000000	1.0000000000
0	-1	182
-0.3958282547	0.4325769953	-0.8100623491	1.6589464014
-0.0450163074	0.8719051926	0.4876014165	1.1011285474
0.9172249171	0.2294709306	-0.3256505360	1.5166907787
0.0000000000	0.0000000000	0.0000000000	1.0000000000
0	-1	183
